{
 "cells": [
  {
   "cell_type": "markdown",
   "id": "113e43dd",
   "metadata": {},
   "source": [
    "## The Goal of the Script is to perform:\n",
    "Feature Engineering: Feature Handling (handle correlated features)\n",
    "\n",
    "### Two approaches were covered in the lecture:\n",
    "1. Deleting one of the features, if two features are highly correlated\n",
    "2. Perform feature reduction technique to create a new feature"
   ]
  },
  {
   "cell_type": "markdown",
   "id": "9e13a0bf",
   "metadata": {},
   "source": [
    "MultiCollinearity - [Reference Link](https://www.statisticshowto.com/multicollinearity/)\n",
    "\n",
    "Nice Read Blog - [Reference Link](https://blog.clairvoyantsoft.com/correlation-and-collinearity-how-they-can-make-or-break-a-model-9135fbe6936a)"
   ]
  },
  {
   "cell_type": "markdown",
   "id": "6e7c4871",
   "metadata": {},
   "source": [
    "### Environment Setup for the Boston Housing Price Prediction"
   ]
  },
  {
   "cell_type": "code",
   "execution_count": 1,
   "id": "f26f217b",
   "metadata": {},
   "outputs": [],
   "source": [
    "# Importing the libraries\n",
    "import pandas as pd\n",
    "\n",
    "# Library for dataset\n",
    "from sklearn.datasets import load_boston\n",
    "\n",
    "# Libraries to train the model\n",
    "from sklearn.model_selection import train_test_split\n",
    "\n",
    "# Visualisation Library\n",
    "import matplotlib.pyplot as plt\n",
    "%matplotlib inline"
   ]
  },
  {
   "cell_type": "code",
   "execution_count": 2,
   "id": "e35a00bd",
   "metadata": {},
   "outputs": [
    {
     "name": "stderr",
     "output_type": "stream",
     "text": [
      "/Library/Frameworks/Python.framework/Versions/3.8/lib/python3.8/site-packages/sklearn/utils/deprecation.py:87: FutureWarning: Function load_boston is deprecated; `load_boston` is deprecated in 1.0 and will be removed in 1.2.\n",
      "\n",
      "    The Boston housing prices dataset has an ethical problem. You can refer to\n",
      "    the documentation of this function for further details.\n",
      "\n",
      "    The scikit-learn maintainers therefore strongly discourage the use of this\n",
      "    dataset unless the purpose of the code is to study and educate about\n",
      "    ethical issues in data science and machine learning.\n",
      "\n",
      "    In this special case, you can fetch the dataset from the original\n",
      "    source::\n",
      "\n",
      "        import pandas as pd\n",
      "        import numpy as np\n",
      "\n",
      "        data_url = \"http://lib.stat.cmu.edu/datasets/boston\"\n",
      "        raw_df = pd.read_csv(data_url, sep=\"\\s+\", skiprows=22, header=None)\n",
      "        data = np.hstack([raw_df.values[::2, :], raw_df.values[1::2, :2]])\n",
      "        target = raw_df.values[1::2, 2]\n",
      "\n",
      "    Alternative datasets include the California housing dataset (i.e.\n",
      "    :func:`~sklearn.datasets.fetch_california_housing`) and the Ames housing\n",
      "    dataset. You can load the datasets as follows::\n",
      "\n",
      "        from sklearn.datasets import fetch_california_housing\n",
      "        housing = fetch_california_housing()\n",
      "\n",
      "    for the California housing dataset and::\n",
      "\n",
      "        from sklearn.datasets import fetch_openml\n",
      "        housing = fetch_openml(name=\"house_prices\", as_frame=True)\n",
      "\n",
      "    for the Ames housing dataset.\n",
      "  warnings.warn(msg, category=FutureWarning)\n"
     ]
    }
   ],
   "source": [
    "# Importing the dataset: Dataset is the Boston House Pricing Dataset\n",
    "# It is a Regression problem where the goal is to predict the house price based on features of the house\n",
    "data = load_boston()\n",
    "df = pd.DataFrame(data.data, columns = data.feature_names)\n",
    "df[\"MEDV\"] = data.target"
   ]
  },
  {
   "cell_type": "code",
   "execution_count": 3,
   "id": "ee9baacb",
   "metadata": {},
   "outputs": [
    {
     "data": {
      "text/plain": [
       "array(['CRIM', 'ZN', 'INDUS', 'CHAS', 'NOX', 'RM', 'AGE', 'DIS', 'RAD',\n",
       "       'TAX', 'PTRATIO', 'B', 'LSTAT'], dtype='<U7')"
      ]
     },
     "execution_count": 3,
     "metadata": {},
     "output_type": "execute_result"
    }
   ],
   "source": [
    "# Features present in the Boston Dataset for House Price Prediction, i.e., Independent Features\n",
    "data.feature_names"
   ]
  },
  {
   "cell_type": "code",
   "execution_count": 4,
   "id": "60ffaaa0",
   "metadata": {},
   "outputs": [
    {
     "data": {
      "text/html": [
       "<div>\n",
       "<style scoped>\n",
       "    .dataframe tbody tr th:only-of-type {\n",
       "        vertical-align: middle;\n",
       "    }\n",
       "\n",
       "    .dataframe tbody tr th {\n",
       "        vertical-align: top;\n",
       "    }\n",
       "\n",
       "    .dataframe thead th {\n",
       "        text-align: right;\n",
       "    }\n",
       "</style>\n",
       "<table border=\"1\" class=\"dataframe\">\n",
       "  <thead>\n",
       "    <tr style=\"text-align: right;\">\n",
       "      <th></th>\n",
       "      <th>CRIM</th>\n",
       "      <th>ZN</th>\n",
       "      <th>INDUS</th>\n",
       "      <th>CHAS</th>\n",
       "      <th>NOX</th>\n",
       "      <th>RM</th>\n",
       "      <th>AGE</th>\n",
       "      <th>DIS</th>\n",
       "      <th>RAD</th>\n",
       "      <th>TAX</th>\n",
       "      <th>PTRATIO</th>\n",
       "      <th>B</th>\n",
       "      <th>LSTAT</th>\n",
       "      <th>MEDV</th>\n",
       "    </tr>\n",
       "  </thead>\n",
       "  <tbody>\n",
       "    <tr>\n",
       "      <th>0</th>\n",
       "      <td>0.00632</td>\n",
       "      <td>18.0</td>\n",
       "      <td>2.31</td>\n",
       "      <td>0.0</td>\n",
       "      <td>0.538</td>\n",
       "      <td>6.575</td>\n",
       "      <td>65.2</td>\n",
       "      <td>4.0900</td>\n",
       "      <td>1.0</td>\n",
       "      <td>296.0</td>\n",
       "      <td>15.3</td>\n",
       "      <td>396.90</td>\n",
       "      <td>4.98</td>\n",
       "      <td>24.0</td>\n",
       "    </tr>\n",
       "    <tr>\n",
       "      <th>1</th>\n",
       "      <td>0.02731</td>\n",
       "      <td>0.0</td>\n",
       "      <td>7.07</td>\n",
       "      <td>0.0</td>\n",
       "      <td>0.469</td>\n",
       "      <td>6.421</td>\n",
       "      <td>78.9</td>\n",
       "      <td>4.9671</td>\n",
       "      <td>2.0</td>\n",
       "      <td>242.0</td>\n",
       "      <td>17.8</td>\n",
       "      <td>396.90</td>\n",
       "      <td>9.14</td>\n",
       "      <td>21.6</td>\n",
       "    </tr>\n",
       "    <tr>\n",
       "      <th>2</th>\n",
       "      <td>0.02729</td>\n",
       "      <td>0.0</td>\n",
       "      <td>7.07</td>\n",
       "      <td>0.0</td>\n",
       "      <td>0.469</td>\n",
       "      <td>7.185</td>\n",
       "      <td>61.1</td>\n",
       "      <td>4.9671</td>\n",
       "      <td>2.0</td>\n",
       "      <td>242.0</td>\n",
       "      <td>17.8</td>\n",
       "      <td>392.83</td>\n",
       "      <td>4.03</td>\n",
       "      <td>34.7</td>\n",
       "    </tr>\n",
       "    <tr>\n",
       "      <th>3</th>\n",
       "      <td>0.03237</td>\n",
       "      <td>0.0</td>\n",
       "      <td>2.18</td>\n",
       "      <td>0.0</td>\n",
       "      <td>0.458</td>\n",
       "      <td>6.998</td>\n",
       "      <td>45.8</td>\n",
       "      <td>6.0622</td>\n",
       "      <td>3.0</td>\n",
       "      <td>222.0</td>\n",
       "      <td>18.7</td>\n",
       "      <td>394.63</td>\n",
       "      <td>2.94</td>\n",
       "      <td>33.4</td>\n",
       "    </tr>\n",
       "    <tr>\n",
       "      <th>4</th>\n",
       "      <td>0.06905</td>\n",
       "      <td>0.0</td>\n",
       "      <td>2.18</td>\n",
       "      <td>0.0</td>\n",
       "      <td>0.458</td>\n",
       "      <td>7.147</td>\n",
       "      <td>54.2</td>\n",
       "      <td>6.0622</td>\n",
       "      <td>3.0</td>\n",
       "      <td>222.0</td>\n",
       "      <td>18.7</td>\n",
       "      <td>396.90</td>\n",
       "      <td>5.33</td>\n",
       "      <td>36.2</td>\n",
       "    </tr>\n",
       "  </tbody>\n",
       "</table>\n",
       "</div>"
      ],
      "text/plain": [
       "      CRIM    ZN  INDUS  CHAS    NOX     RM   AGE     DIS  RAD    TAX  \\\n",
       "0  0.00632  18.0   2.31   0.0  0.538  6.575  65.2  4.0900  1.0  296.0   \n",
       "1  0.02731   0.0   7.07   0.0  0.469  6.421  78.9  4.9671  2.0  242.0   \n",
       "2  0.02729   0.0   7.07   0.0  0.469  7.185  61.1  4.9671  2.0  242.0   \n",
       "3  0.03237   0.0   2.18   0.0  0.458  6.998  45.8  6.0622  3.0  222.0   \n",
       "4  0.06905   0.0   2.18   0.0  0.458  7.147  54.2  6.0622  3.0  222.0   \n",
       "\n",
       "   PTRATIO       B  LSTAT  MEDV  \n",
       "0     15.3  396.90   4.98  24.0  \n",
       "1     17.8  396.90   9.14  21.6  \n",
       "2     17.8  392.83   4.03  34.7  \n",
       "3     18.7  394.63   2.94  33.4  \n",
       "4     18.7  396.90   5.33  36.2  "
      ]
     },
     "execution_count": 4,
     "metadata": {},
     "output_type": "execute_result"
    }
   ],
   "source": [
    "# Dataset with Dependent Features, i.e., MEDV and Independent Features\n",
    "df.head()"
   ]
  },
  {
   "cell_type": "markdown",
   "id": "1d5837a6",
   "metadata": {},
   "source": [
    "Basically we have 2 types of variables, dependent and independent variables, \n",
    "if you have 2 or 3 independent variables which are highly correlated (we can set a threshold, 90% or more) with each other then we can only use one of them and that should also be fine for training our ML model. - **Multicollinearity**\n",
    "\n",
    "Map the independent variable to the dependent variable to see their correlation if they are highly correlated then use the Independent variable for training. - **Correlated Features**"
   ]
  },
  {
   "cell_type": "code",
   "execution_count": 5,
   "id": "a4c15484",
   "metadata": {},
   "outputs": [
    {
     "data": {
      "text/html": [
       "<div>\n",
       "<style scoped>\n",
       "    .dataframe tbody tr th:only-of-type {\n",
       "        vertical-align: middle;\n",
       "    }\n",
       "\n",
       "    .dataframe tbody tr th {\n",
       "        vertical-align: top;\n",
       "    }\n",
       "\n",
       "    .dataframe thead th {\n",
       "        text-align: right;\n",
       "    }\n",
       "</style>\n",
       "<table border=\"1\" class=\"dataframe\">\n",
       "  <thead>\n",
       "    <tr style=\"text-align: right;\">\n",
       "      <th></th>\n",
       "      <th>CRIM</th>\n",
       "      <th>ZN</th>\n",
       "      <th>INDUS</th>\n",
       "      <th>CHAS</th>\n",
       "      <th>NOX</th>\n",
       "      <th>RM</th>\n",
       "      <th>AGE</th>\n",
       "      <th>DIS</th>\n",
       "      <th>RAD</th>\n",
       "      <th>TAX</th>\n",
       "      <th>PTRATIO</th>\n",
       "      <th>B</th>\n",
       "      <th>LSTAT</th>\n",
       "    </tr>\n",
       "  </thead>\n",
       "  <tbody>\n",
       "    <tr>\n",
       "      <th>0</th>\n",
       "      <td>0.00632</td>\n",
       "      <td>18.0</td>\n",
       "      <td>2.31</td>\n",
       "      <td>0.0</td>\n",
       "      <td>0.538</td>\n",
       "      <td>6.575</td>\n",
       "      <td>65.2</td>\n",
       "      <td>4.0900</td>\n",
       "      <td>1.0</td>\n",
       "      <td>296.0</td>\n",
       "      <td>15.3</td>\n",
       "      <td>396.90</td>\n",
       "      <td>4.98</td>\n",
       "    </tr>\n",
       "    <tr>\n",
       "      <th>1</th>\n",
       "      <td>0.02731</td>\n",
       "      <td>0.0</td>\n",
       "      <td>7.07</td>\n",
       "      <td>0.0</td>\n",
       "      <td>0.469</td>\n",
       "      <td>6.421</td>\n",
       "      <td>78.9</td>\n",
       "      <td>4.9671</td>\n",
       "      <td>2.0</td>\n",
       "      <td>242.0</td>\n",
       "      <td>17.8</td>\n",
       "      <td>396.90</td>\n",
       "      <td>9.14</td>\n",
       "    </tr>\n",
       "    <tr>\n",
       "      <th>2</th>\n",
       "      <td>0.02729</td>\n",
       "      <td>0.0</td>\n",
       "      <td>7.07</td>\n",
       "      <td>0.0</td>\n",
       "      <td>0.469</td>\n",
       "      <td>7.185</td>\n",
       "      <td>61.1</td>\n",
       "      <td>4.9671</td>\n",
       "      <td>2.0</td>\n",
       "      <td>242.0</td>\n",
       "      <td>17.8</td>\n",
       "      <td>392.83</td>\n",
       "      <td>4.03</td>\n",
       "    </tr>\n",
       "    <tr>\n",
       "      <th>3</th>\n",
       "      <td>0.03237</td>\n",
       "      <td>0.0</td>\n",
       "      <td>2.18</td>\n",
       "      <td>0.0</td>\n",
       "      <td>0.458</td>\n",
       "      <td>6.998</td>\n",
       "      <td>45.8</td>\n",
       "      <td>6.0622</td>\n",
       "      <td>3.0</td>\n",
       "      <td>222.0</td>\n",
       "      <td>18.7</td>\n",
       "      <td>394.63</td>\n",
       "      <td>2.94</td>\n",
       "    </tr>\n",
       "    <tr>\n",
       "      <th>4</th>\n",
       "      <td>0.06905</td>\n",
       "      <td>0.0</td>\n",
       "      <td>2.18</td>\n",
       "      <td>0.0</td>\n",
       "      <td>0.458</td>\n",
       "      <td>7.147</td>\n",
       "      <td>54.2</td>\n",
       "      <td>6.0622</td>\n",
       "      <td>3.0</td>\n",
       "      <td>222.0</td>\n",
       "      <td>18.7</td>\n",
       "      <td>396.90</td>\n",
       "      <td>5.33</td>\n",
       "    </tr>\n",
       "  </tbody>\n",
       "</table>\n",
       "</div>"
      ],
      "text/plain": [
       "      CRIM    ZN  INDUS  CHAS    NOX     RM   AGE     DIS  RAD    TAX  \\\n",
       "0  0.00632  18.0   2.31   0.0  0.538  6.575  65.2  4.0900  1.0  296.0   \n",
       "1  0.02731   0.0   7.07   0.0  0.469  6.421  78.9  4.9671  2.0  242.0   \n",
       "2  0.02729   0.0   7.07   0.0  0.469  7.185  61.1  4.9671  2.0  242.0   \n",
       "3  0.03237   0.0   2.18   0.0  0.458  6.998  45.8  6.0622  3.0  222.0   \n",
       "4  0.06905   0.0   2.18   0.0  0.458  7.147  54.2  6.0622  3.0  222.0   \n",
       "\n",
       "   PTRATIO       B  LSTAT  \n",
       "0     15.3  396.90   4.98  \n",
       "1     17.8  396.90   9.14  \n",
       "2     17.8  392.83   4.03  \n",
       "3     18.7  394.63   2.94  \n",
       "4     18.7  396.90   5.33  "
      ]
     },
     "execution_count": 5,
     "metadata": {},
     "output_type": "execute_result"
    }
   ],
   "source": [
    "# Preparing the dataset to solve the Regression Problem\n",
    "\n",
    "# Prepare the Dependent feature, i.e., MEDV feature as the Dependent feature\n",
    "y = df[\"MEDV\"]\n",
    "\n",
    "# Features other than MEDV feature are now considered as Independent features\n",
    "X = df.drop(\"MEDV\",axis=1) \n",
    "X.head()"
   ]
  },
  {
   "cell_type": "markdown",
   "id": "1d3ecca2",
   "metadata": {},
   "source": [
    "### Finding out the Correlated features"
   ]
  },
  {
   "cell_type": "code",
   "execution_count": 6,
   "id": "ff4b5042",
   "metadata": {},
   "outputs": [
    {
     "data": {
      "text/plain": [
       "((404, 13), (102, 13))"
      ]
     },
     "execution_count": 6,
     "metadata": {},
     "output_type": "execute_result"
    }
   ],
   "source": [
    "# Split the data in 80:20 ratio for training and testing dataset\n",
    "from sklearn.model_selection import train_test_split\n",
    "X_train, X_test, y_train, y_test = train_test_split(X,y,test_size=0.2,random_state=42)\n",
    "X_train.shape, X_test.shape"
   ]
  },
  {
   "cell_type": "code",
   "execution_count": 7,
   "id": "c7b4bab0",
   "metadata": {},
   "outputs": [],
   "source": [
    "y_train = y_train.astype('int')\n",
    "y_test = y_test.astype('int')"
   ]
  },
  {
   "cell_type": "code",
   "execution_count": 8,
   "id": "37e3fc41",
   "metadata": {},
   "outputs": [
    {
     "data": {
      "text/html": [
       "<div>\n",
       "<style scoped>\n",
       "    .dataframe tbody tr th:only-of-type {\n",
       "        vertical-align: middle;\n",
       "    }\n",
       "\n",
       "    .dataframe tbody tr th {\n",
       "        vertical-align: top;\n",
       "    }\n",
       "\n",
       "    .dataframe thead th {\n",
       "        text-align: right;\n",
       "    }\n",
       "</style>\n",
       "<table border=\"1\" class=\"dataframe\">\n",
       "  <thead>\n",
       "    <tr style=\"text-align: right;\">\n",
       "      <th></th>\n",
       "      <th>CRIM</th>\n",
       "      <th>ZN</th>\n",
       "      <th>INDUS</th>\n",
       "      <th>CHAS</th>\n",
       "      <th>NOX</th>\n",
       "      <th>RM</th>\n",
       "      <th>AGE</th>\n",
       "      <th>DIS</th>\n",
       "      <th>RAD</th>\n",
       "      <th>TAX</th>\n",
       "      <th>PTRATIO</th>\n",
       "      <th>B</th>\n",
       "      <th>LSTAT</th>\n",
       "    </tr>\n",
       "  </thead>\n",
       "  <tbody>\n",
       "    <tr>\n",
       "      <th>CRIM</th>\n",
       "      <td>1.000000</td>\n",
       "      <td>-0.198855</td>\n",
       "      <td>0.400198</td>\n",
       "      <td>-0.044589</td>\n",
       "      <td>0.396406</td>\n",
       "      <td>-0.200303</td>\n",
       "      <td>0.334090</td>\n",
       "      <td>-0.366487</td>\n",
       "      <td>0.615947</td>\n",
       "      <td>0.576894</td>\n",
       "      <td>0.288970</td>\n",
       "      <td>-0.356858</td>\n",
       "      <td>0.414142</td>\n",
       "    </tr>\n",
       "    <tr>\n",
       "      <th>ZN</th>\n",
       "      <td>-0.198855</td>\n",
       "      <td>1.000000</td>\n",
       "      <td>-0.533489</td>\n",
       "      <td>-0.043754</td>\n",
       "      <td>-0.526414</td>\n",
       "      <td>0.274661</td>\n",
       "      <td>-0.575078</td>\n",
       "      <td>0.681817</td>\n",
       "      <td>-0.313790</td>\n",
       "      <td>-0.294267</td>\n",
       "      <td>-0.389163</td>\n",
       "      <td>0.178652</td>\n",
       "      <td>-0.396572</td>\n",
       "    </tr>\n",
       "    <tr>\n",
       "      <th>INDUS</th>\n",
       "      <td>0.400198</td>\n",
       "      <td>-0.533489</td>\n",
       "      <td>1.000000</td>\n",
       "      <td>0.095158</td>\n",
       "      <td>0.770957</td>\n",
       "      <td>-0.398690</td>\n",
       "      <td>0.636569</td>\n",
       "      <td>-0.707566</td>\n",
       "      <td>0.588952</td>\n",
       "      <td>0.702353</td>\n",
       "      <td>0.348303</td>\n",
       "      <td>-0.363151</td>\n",
       "      <td>0.603644</td>\n",
       "    </tr>\n",
       "    <tr>\n",
       "      <th>CHAS</th>\n",
       "      <td>-0.044589</td>\n",
       "      <td>-0.043754</td>\n",
       "      <td>0.095158</td>\n",
       "      <td>1.000000</td>\n",
       "      <td>0.135476</td>\n",
       "      <td>0.111272</td>\n",
       "      <td>0.096016</td>\n",
       "      <td>-0.121671</td>\n",
       "      <td>0.028685</td>\n",
       "      <td>0.007746</td>\n",
       "      <td>-0.113003</td>\n",
       "      <td>0.041666</td>\n",
       "      <td>-0.070652</td>\n",
       "    </tr>\n",
       "    <tr>\n",
       "      <th>NOX</th>\n",
       "      <td>0.396406</td>\n",
       "      <td>-0.526414</td>\n",
       "      <td>0.770957</td>\n",
       "      <td>0.135476</td>\n",
       "      <td>1.000000</td>\n",
       "      <td>-0.299615</td>\n",
       "      <td>0.720417</td>\n",
       "      <td>-0.772330</td>\n",
       "      <td>0.589061</td>\n",
       "      <td>0.650247</td>\n",
       "      <td>0.161253</td>\n",
       "      <td>-0.368034</td>\n",
       "      <td>0.593862</td>\n",
       "    </tr>\n",
       "    <tr>\n",
       "      <th>RM</th>\n",
       "      <td>-0.200303</td>\n",
       "      <td>0.274661</td>\n",
       "      <td>-0.398690</td>\n",
       "      <td>0.111272</td>\n",
       "      <td>-0.299615</td>\n",
       "      <td>1.000000</td>\n",
       "      <td>-0.210863</td>\n",
       "      <td>0.198299</td>\n",
       "      <td>-0.199738</td>\n",
       "      <td>-0.281127</td>\n",
       "      <td>-0.342643</td>\n",
       "      <td>0.113347</td>\n",
       "      <td>-0.612577</td>\n",
       "    </tr>\n",
       "    <tr>\n",
       "      <th>AGE</th>\n",
       "      <td>0.334090</td>\n",
       "      <td>-0.575078</td>\n",
       "      <td>0.636569</td>\n",
       "      <td>0.096016</td>\n",
       "      <td>0.720417</td>\n",
       "      <td>-0.210863</td>\n",
       "      <td>1.000000</td>\n",
       "      <td>-0.756589</td>\n",
       "      <td>0.430321</td>\n",
       "      <td>0.471670</td>\n",
       "      <td>0.240841</td>\n",
       "      <td>-0.265186</td>\n",
       "      <td>0.571051</td>\n",
       "    </tr>\n",
       "    <tr>\n",
       "      <th>DIS</th>\n",
       "      <td>-0.366487</td>\n",
       "      <td>0.681817</td>\n",
       "      <td>-0.707566</td>\n",
       "      <td>-0.121671</td>\n",
       "      <td>-0.772330</td>\n",
       "      <td>0.198299</td>\n",
       "      <td>-0.756589</td>\n",
       "      <td>1.000000</td>\n",
       "      <td>-0.483329</td>\n",
       "      <td>-0.523577</td>\n",
       "      <td>-0.217588</td>\n",
       "      <td>0.291122</td>\n",
       "      <td>-0.494921</td>\n",
       "    </tr>\n",
       "    <tr>\n",
       "      <th>RAD</th>\n",
       "      <td>0.615947</td>\n",
       "      <td>-0.313790</td>\n",
       "      <td>0.588952</td>\n",
       "      <td>0.028685</td>\n",
       "      <td>0.589061</td>\n",
       "      <td>-0.199738</td>\n",
       "      <td>0.430321</td>\n",
       "      <td>-0.483329</td>\n",
       "      <td>1.000000</td>\n",
       "      <td>0.912527</td>\n",
       "      <td>0.472257</td>\n",
       "      <td>-0.439387</td>\n",
       "      <td>0.480301</td>\n",
       "    </tr>\n",
       "    <tr>\n",
       "      <th>TAX</th>\n",
       "      <td>0.576894</td>\n",
       "      <td>-0.294267</td>\n",
       "      <td>0.702353</td>\n",
       "      <td>0.007746</td>\n",
       "      <td>0.650247</td>\n",
       "      <td>-0.281127</td>\n",
       "      <td>0.471670</td>\n",
       "      <td>-0.523577</td>\n",
       "      <td>0.912527</td>\n",
       "      <td>1.000000</td>\n",
       "      <td>0.444836</td>\n",
       "      <td>-0.442027</td>\n",
       "      <td>0.530632</td>\n",
       "    </tr>\n",
       "    <tr>\n",
       "      <th>PTRATIO</th>\n",
       "      <td>0.288970</td>\n",
       "      <td>-0.389163</td>\n",
       "      <td>0.348303</td>\n",
       "      <td>-0.113003</td>\n",
       "      <td>0.161253</td>\n",
       "      <td>-0.342643</td>\n",
       "      <td>0.240841</td>\n",
       "      <td>-0.217588</td>\n",
       "      <td>0.472257</td>\n",
       "      <td>0.444836</td>\n",
       "      <td>1.000000</td>\n",
       "      <td>-0.173958</td>\n",
       "      <td>0.360167</td>\n",
       "    </tr>\n",
       "    <tr>\n",
       "      <th>B</th>\n",
       "      <td>-0.356858</td>\n",
       "      <td>0.178652</td>\n",
       "      <td>-0.363151</td>\n",
       "      <td>0.041666</td>\n",
       "      <td>-0.368034</td>\n",
       "      <td>0.113347</td>\n",
       "      <td>-0.265186</td>\n",
       "      <td>0.291122</td>\n",
       "      <td>-0.439387</td>\n",
       "      <td>-0.442027</td>\n",
       "      <td>-0.173958</td>\n",
       "      <td>1.000000</td>\n",
       "      <td>-0.340873</td>\n",
       "    </tr>\n",
       "    <tr>\n",
       "      <th>LSTAT</th>\n",
       "      <td>0.414142</td>\n",
       "      <td>-0.396572</td>\n",
       "      <td>0.603644</td>\n",
       "      <td>-0.070652</td>\n",
       "      <td>0.593862</td>\n",
       "      <td>-0.612577</td>\n",
       "      <td>0.571051</td>\n",
       "      <td>-0.494921</td>\n",
       "      <td>0.480301</td>\n",
       "      <td>0.530632</td>\n",
       "      <td>0.360167</td>\n",
       "      <td>-0.340873</td>\n",
       "      <td>1.000000</td>\n",
       "    </tr>\n",
       "  </tbody>\n",
       "</table>\n",
       "</div>"
      ],
      "text/plain": [
       "             CRIM        ZN     INDUS      CHAS       NOX        RM       AGE  \\\n",
       "CRIM     1.000000 -0.198855  0.400198 -0.044589  0.396406 -0.200303  0.334090   \n",
       "ZN      -0.198855  1.000000 -0.533489 -0.043754 -0.526414  0.274661 -0.575078   \n",
       "INDUS    0.400198 -0.533489  1.000000  0.095158  0.770957 -0.398690  0.636569   \n",
       "CHAS    -0.044589 -0.043754  0.095158  1.000000  0.135476  0.111272  0.096016   \n",
       "NOX      0.396406 -0.526414  0.770957  0.135476  1.000000 -0.299615  0.720417   \n",
       "RM      -0.200303  0.274661 -0.398690  0.111272 -0.299615  1.000000 -0.210863   \n",
       "AGE      0.334090 -0.575078  0.636569  0.096016  0.720417 -0.210863  1.000000   \n",
       "DIS     -0.366487  0.681817 -0.707566 -0.121671 -0.772330  0.198299 -0.756589   \n",
       "RAD      0.615947 -0.313790  0.588952  0.028685  0.589061 -0.199738  0.430321   \n",
       "TAX      0.576894 -0.294267  0.702353  0.007746  0.650247 -0.281127  0.471670   \n",
       "PTRATIO  0.288970 -0.389163  0.348303 -0.113003  0.161253 -0.342643  0.240841   \n",
       "B       -0.356858  0.178652 -0.363151  0.041666 -0.368034  0.113347 -0.265186   \n",
       "LSTAT    0.414142 -0.396572  0.603644 -0.070652  0.593862 -0.612577  0.571051   \n",
       "\n",
       "              DIS       RAD       TAX   PTRATIO         B     LSTAT  \n",
       "CRIM    -0.366487  0.615947  0.576894  0.288970 -0.356858  0.414142  \n",
       "ZN       0.681817 -0.313790 -0.294267 -0.389163  0.178652 -0.396572  \n",
       "INDUS   -0.707566  0.588952  0.702353  0.348303 -0.363151  0.603644  \n",
       "CHAS    -0.121671  0.028685  0.007746 -0.113003  0.041666 -0.070652  \n",
       "NOX     -0.772330  0.589061  0.650247  0.161253 -0.368034  0.593862  \n",
       "RM       0.198299 -0.199738 -0.281127 -0.342643  0.113347 -0.612577  \n",
       "AGE     -0.756589  0.430321  0.471670  0.240841 -0.265186  0.571051  \n",
       "DIS      1.000000 -0.483329 -0.523577 -0.217588  0.291122 -0.494921  \n",
       "RAD     -0.483329  1.000000  0.912527  0.472257 -0.439387  0.480301  \n",
       "TAX     -0.523577  0.912527  1.000000  0.444836 -0.442027  0.530632  \n",
       "PTRATIO -0.217588  0.472257  0.444836  1.000000 -0.173958  0.360167  \n",
       "B        0.291122 -0.439387 -0.442027 -0.173958  1.000000 -0.340873  \n",
       "LSTAT   -0.494921  0.480301  0.530632  0.360167 -0.340873  1.000000  "
      ]
     },
     "execution_count": 8,
     "metadata": {},
     "output_type": "execute_result"
    }
   ],
   "source": [
    "# Applying Filter based feature selection techniques to find the correlation between the features present in the training dataset\n",
    "X_train.corr() # https://pandas.pydata.org/docs/reference/api/pandas.DataFrame.corr.html\n",
    "\n",
    "# By default, Pearson Correlation Coefficient is used to find the correlation between features"
   ]
  },
  {
   "cell_type": "code",
   "execution_count": 9,
   "id": "c1581144",
   "metadata": {},
   "outputs": [
    {
     "data": {
